# Fig 4 (a) data set
theta_BA = [0.8, 0.81, 0.82, 0.83, 0.84, 0.85, 0.86, 0.87, 0.88, 0.89, 0.9, 0.91, 0.92, 0.93, 0.94, 0.95, 0.96, 0.97]

BA_high = [1.0, 0.8999, 1.0, 0.9999, 0.2, 0.1, 0.0, 0.0, 0.0, 0.0, 0.0, 0.0, 0.0, 0.0, 0.0, 0.0, 0.0, 0.0]

BA_low = [0.9999, 0.9995, 0.9991, 0.9999, 0.6557, 0.6547, 0.6172, 0.6172, 0.6164, 0.6164, 0.6164, 0.6164, 0.6164, 0.6164, 0.6164, 0.6164, 0.6164, 0.6164]

BA_rand = [0.9999, 0.9994, 0.9983, 0.9991, 0.4793, 0.3967, 0.1376, 0.224, 0.1374, 0.1374, 0.1374, 0.1374, 0.1374, 0.1374, 0.1374, 0.1374, 0.1374, 0.1374]

theta_ER = [0.8, 0.81, 0.82, 0.83, 0.84, 0.85, 0.86, 0.87, 0.88, 0.89, 0.9, 0.91, 0.92, 0.93, 0.94, 0.95, 0.96, 0.97]

ER_high = [1.0, 0.8996, 0.8996, 0.7001, 0.0003, 0.0003, 0.0003, 0.1003, 0.0003, 0.0002, 0.0002, 0.0002, 0.0002, 0.0002, 0.0002, 0.0002, 0.0002, 0.0002]

ER_low = [1.0, 1.0, 1.0, 1.0, 1.0, 1.0, 1.0, 1.0, 1.0, 1.0, 1.0, 1.0, 1.0, 1.0, 1.0, 1.0, 1.0, 1.0]

ER_rand = [0.9999, 0.9985, 0.9218, 0.9987, 0.2042, 0.4384, 0.1911, 0.1911, 0.1848, 0.1813, 0.1805, 0.18, 0.18, 0.18, 0.18, 0.18, 0.18, 0.18]


# Fig 4 (b) data set

theta_BA = [0.8, 0.81, 0.82, 0.83, 0.84, 0.85, 0.86, 0.87, 0.88, 0.89, 0.9, 0.91, 0.92, 0.93, 0.94, 0.95, 0.96, 0.97]

BA_high = [1.0, 0.8999, 1.0, 0.9999, 0.2, 0.1, 0.0, 0.0, 0.0, 0.0, 0.0, 0.0, 0.0, 0.0, 0.0, 0.0, 0.0, 0.0]

BA_low = [1.0, 0.9996, 0.9994, 0.9999, 0.6337, 0.6321, 0.593, 0.593, 0.5925, 0.5923, 0.5923, 0.5923, 0.5923, 0.5923, 0.5923, 0.5923, 0.5923, 0.5923]

BA_rand = [0.9999, 0.9994, 0.9983, 0.9988, 0.4349, 0.3472, 0.0614, 0.1543, 0.0612, 0.0612, 0.0612, 0.0611, 0.0611, 0.0611, 0.0611, 0.0611, 0.0611, 0.0611]

theta_ER = [0.8, 0.81, 0.82, 0.83, 0.84, 0.85, 0.86, 0.87, 0.88, 0.89, 0.9, 0.91, 0.92, 0.93, 0.94, 0.95, 0.96, 0.97]

ER_high = [1.0, 0.7995, 0.7001, 0.7001, 0.0002, 0.0002, 0.0002, 0.0002, 0.0002, 0.0002, 0.0002, 0.0002, 0.0002, 0.0002, 0.0002, 0.0002, 0.0002, 0.0002]

ER_low = [1.0, 1.0, 1.0, 1.0, 1.0, 1.0, 1.0, 1.0, 1.0, 1.0, 1.0, 1.0, 1.0, 1.0, 1.0, 1.0, 1.0, 1.0]

ER_rand = [0.9999, 0.998, 0.9122, 0.9986, 0.1223, 0.3835, 0.1096, 0.1096, 0.1034, 0.0994, 0.0976, 0.0969, 0.0965, 0.0962, 0.096, 0.096, 0.096, 0.096]

# Fig 4 (c) data set
theta_BA = [0.8, 0.81, 0.82, 0.83, 0.84, 0.85, 0.86, 0.87, 0.88, 0.89,
            0.9, 0.91, 0.92, 0.93, 0.94, 0.95, 0.96, 0.97]

BA_high = [1.0, 0.8999, 1.0, 0.9999, 0.2, 0.1, 0.0, 0.0, 0.0, 0.0,
           0.0, 0.0, 0.0, 0.0, 0.0, 0.0, 0.0, 0.0]

BA_low = [1.0, 0.9996, 0.9994, 1.0, 0.6312, 0.6287, 0.5884, 0.5884, 0.5879, 0.5877,
          0.5877, 0.5877, 0.5877, 0.5877, 0.5877, 0.5877, 0.5877, 0.5877]

BA_rand = [0.9999, 0.9995, 0.9983, 0.9988, 0.4348, 0.3447, 0.0595, 0.1526, 0.0593, 0.0593,
           0.0593, 0.0593, 0.0593, 0.0593, 0.0593, 0.0593, 0.0593, 0.0593]


theta_ER = [0.8, 0.81, 0.82, 0.83, 0.84, 0.85, 0.86, 0.87, 0.88, 0.89,
            0.9, 0.91, 0.92, 0.93, 0.94, 0.95, 0.96, 0.97]

ER_high = [1.0, 0.7996, 0.7001, 0.7, 0.0004, 0.0004, 0.0003, 0.0003, 0.0003, 0.0003,
           0.0002, 0.0002, 0.0002, 0.0002, 0.0002, 0.0002, 0.0002, 0.0002]

ER_low = [1.0, 1.0, 1.0, 1.0, 1.0, 1.0, 1.0, 1.0, 1.0, 1.0,
          1.0, 1.0, 1.0, 1.0, 1.0, 1.0, 1.0, 1.0]

ER_rand = [0.9999, 0.998, 0.9125, 0.9986, 0.1251, 0.385, 0.1122, 0.1122, 0.1064, 0.1024,
           0.1004, 0.0996, 0.0991, 0.0985, 0.0983, 0.0983, 0.0983, 0.0983]

# Fig 4 (d) data set
theta_BA = [0.8, 0.81, 0.82, 0.83, 0.84, 0.85, 0.86, 0.87, 0.88, 0.89,
            0.9, 0.91, 0.92, 0.93, 0.94, 0.95, 0.96, 0.97]

BA_high = [1.0, 0.8999, 1.0, 0.9999, 0.2, 0.1, 0.0, 0.0, 0.0, 0.0,
           0.0, 0.0, 0.0, 0.0, 0.0, 0.0, 0.0, 0.0]

BA_low = [0.9999, 0.9994, 0.9989, 0.9997, 0.6857, 0.6866, 0.6528, 0.6528,
          0.6528, 0.6528, 0.6528, 0.6528, 0.6528, 0.6528, 0.6528,
          0.6528, 0.6528, 0.6528]

BA_rand = [0.9999, 0.9992, 0.9983, 0.9986, 0.472, 0.3003, 0.1231, 0.2108,
           0.1228, 0.1228, 0.1228, 0.1228, 0.1228, 0.1228, 0.1228,
           0.1228, 0.1228, 0.1228]


theta_ER = [0.8, 0.81, 0.82, 0.83, 0.84, 0.85, 0.86, 0.87, 0.88, 0.89,
            0.9, 0.91, 0.92, 0.93, 0.94, 0.95, 0.96, 0.97]

ER_high = [1.0, 0.7995, 0.7997, 0.7, 0.0, 0.0, 0.0, 0.0, 0.0, 0.0,
           0.0, 0.0, 0.0, 0.0, 0.0, 0.0, 0.0, 0.0]

ER_low = [1.0, 1.0, 1.0, 1.0, 1.0, 1.0, 1.0, 1.0, 1.0, 1.0,
          1.0, 1.0, 1.0, 1.0, 1.0, 1.0, 1.0, 1.0]

ER_rand = [0.9999, 0.9981, 0.9914, 0.9986, 0.1253, 0.2989, 0.1152, 0.1152,
           0.1095, 0.1072, 0.1063, 0.1059, 0.1059, 0.1059, 0.1059,
           0.1059, 0.1059, 0.1059].
