# Fig 6(a) data set

surv_high = [1.0, 1.0, 1.0, 1.0, 1.0, 1.0, 1.0, 1.0, 1.0, 1.0, 1.0, 1.0, 1.0, 1.0, 1.0, 1.0, 1.0, 1.0]

surv_low = [1.0, 1.0, 1.0, 1.0, 1.0, 1.0, 1.0, 1.0, 1.0, 1.0, 1.0, 1.0, 1.0, 1.0, 1.0, 1.0, 1.0, 1.0]

surv_rand = [1.0, 1.0, 1.0, 1.0, 1.0, 1.0, 1.0, 1.0, 1.0, 1.0, 1.0, 1.0, 1.0, 1.0, 1.0, 1.0, 1.0, 1.0]

K_high = [0.1861227701993704, 0.1861227701993704, 0.1861227701993704, 0.1861227701993704, 0.1861227701993704, 0.1861227701993704, 0.1861227701993704, 0.1861227701993704, 0.1861227701993704, 0.1861227701993704, 0.1861227701993704, 0.1861227701993704, 0.1861227701993704, 0.1861227701993704, 0.1861227701993704, 0.1861227701993704, 0.1861227701993704, 0.1861227701993704]

Rcrit_high = [0.0, 0.0031479538300104937, 0.0031479538300104937, 0.0031479538300104937, 0.0061647429171038815, 0.0061647429171038815, 0.007738719832109128, 0.007738719832109128, 0.008919202518363064, 0.009706190975865687, 0.009968520461699895, 0.010362014690451204, 0.010755508919202518, 0.010755508919202518, 0.010755508919202518, 0.010755508919202518, 0.010755508919202518, 0.010755508919202518]

K_low = [0.1075550891920252, 0.1075550891920252, 0.1075550891920252, 0.1075550891920252, 0.1075550891920252, 0.1075550891920252, 0.1075550891920252, 0.1075550891920252, 0.1075550891920252, 0.1075550891920252, 0.1075550891920252, 0.1075550891920252, 0.1075550891920252, 0.1075550891920252, 0.1075550891920252, 0.1075550891920252, 0.1075550891920252, 0.1075550891920252]

Rcrit_low = [0.0, 0.009312696747114376, 0.009312696747114376, 0.009312696747114376, 0.027151101783840503, 0.027151101783840503, 0.05102308499475341, 0.05102308499475341, 0.07751836306400839, 0.09929171038824762, 0.12250786988457503, 0.14205141657922352, 0.1581846799580273, 0.19071353620146908, 0.21668415529905563, 0.24475341028331585, 0.2691500524658972, 0.2873819517313746]

K_rand = [0.26873032528856244, 0.26873032528856244, 0.26873032528856244, 0.26873032528856244, 0.26873032528856244, 0.26873032528856244, 0.26873032528856244, 0.26873032528856244, 0.26873032528856244, 0.26873032528856244, 0.26873032528856244, 0.26873032528856244, 0.26873032528856244, 0.26873032528856244, 0.26873032528856244, 0.26873032528856244, 0.26873032528856244, 0.26873032528856244]

Rcrit_rand = [0.0, 0.006007345225603358, 0.006007345225603358, 0.006007345225603358, 0.014467471143756561, 0.014467471143756561, 0.02161594963273872, 0.02161594963273872, 0.028174186778593912, 0.033001049317943336, 0.037250786988457504, 0.040411857292759715, 0.04258919202518363, 0.04643231899265477, 0.0486096537250787, 0.05031479538300106, 0.051324763903462745, 0.051508394543546686]



# Fig 6(b) data set
surv_high = [1.0, 1.0, 1.0, 1.0, 1.0, 1.0, 1.0, 1.0, 1.0, 1.0, 1.0, 1.0, 1.0, 1.0, 1.0, 1.0, 1.0, 1.0]

surv_low = [1.0, 1.0, 1.0, 1.0, 1.0, 1.0, 1.0, 1.0, 1.0, 1.0, 1.0, 1.0, 1.0, 1.0, 1.0, 1.0, 1.0, 1.0]

surv_rand = [1.0, 1.0, 1.0, 1.0, 1.0, 1.0, 1.0, 1.0, 1.0, 1.0, 1.0, 1.0, 1.0, 1.0, 1.0, 1.0, 1.0, 1.0]

K_high = [0.1861227701993704, 0.1861227701993704, 0.1861227701993704, 0.1861227701993704, 0.1861227701993704, 0.1861227701993704, 0.1861227701993704, 0.1861227701993704, 0.1861227701993704, 0.1861227701993704, 0.1861227701993704, 0.1861227701993704, 0.1861227701993704, 0.1861227701993704, 0.1861227701993704, 0.1861227701993704, 0.1861227701993704, 0.1861227701993704]

Rcrit_high = [0.0, 0.0031479538300104937, 0.0031479538300104937, 0.0031479538300104937, 0.0061647429171038815, 0.0061647429171038815, 0.007738719832109128, 0.007738719832109128, 0.008919202518363064, 0.009706190975865687, 0.009968520461699895, 0.010362014690451204, 0.010755508919202518, 0.010755508919202518, 0.010755508919202518, 0.010755508919202518, 0.010755508919202518, 0.010755508919202518]

K_low = [0.1075550891920252, 0.1075550891920252, 0.1075550891920252, 0.1075550891920252, 0.1075550891920252, 0.1075550891920252, 0.1075550891920252, 0.1075550891920252, 0.1075550891920252, 0.1075550891920252, 0.1075550891920252, 0.1075550891920252, 0.1075550891920252, 0.1075550891920252, 0.1075550891920252, 0.1075550891920252, 0.1075550891920252, 0.1075550891920252]

Rcrit_low = [0.0, 0.009312696747114376, 0.009312696747114376, 0.009312696747114376, 0.027151101783840503, 0.027151101783840503, 0.05102308499475341, 0.05102308499475341, 0.07751836306400839, 0.09929171038824762, 0.12250786988457503, 0.14205141657922352, 0.1581846799580273, 0.19071353620146908, 0.21668415529905563, 0.24475341028331585, 0.2691500524658972, 0.2873819517313746]

K_rand = [0.26873032528856244, 0.26873032528856244, 0.26873032528856244, 0.26873032528856244, 0.26873032528856244, 0.26873032528856244, 0.26873032528856244, 0.26873032528856244, 0.26873032528856244, 0.26873032528856244, 0.26873032528856244, 0.26873032528856244, 0.26873032528856244, 0.26873032528856244, 0.26873032528856244, 0.26873032528856244, 0.26873032528856244, 0.26873032528856244]

Rcrit_rand = [0.0, 0.006007345225603358, 0.006007345225603358, 0.006007345225603358, 0.014467471143756561, 0.014467471143756561, 0.02161594963273872, 0.02161594963273872, 0.028174186778593912, 0.033001049317943336, 0.037250786988457504, 0.040411857292759715, 0.04258919202518363, 0.04643231899265477, 0.0486096537250787, 0.05031479538300106, 0.051324763903462745, 0.051508394543546686]
