# Fig 3 (a) data set
theta_BA = [0.8, 0.81, 0.82, 0.83, 0.84, 0.85, 0.86, 0.87, 0.88, 0.89, 0.9, 0.91, 0.92, 0.93, 0.94, 0.95, 0.96, 0.97]

BA_high = [1.0, 0.8999, 1.0, 0.9999, 0.2, 0.1, 0.0, 0.0, 0.0, 0.0, 0.0, 0.0, 0.0, 0.0, 0.0, 0.0, 0.0, 0.0]

BA_low = [0.9999, 0.9994, 0.9988, 0.8997, 0.0999, 0.0998, 0.0, 0.0, 0.0, 0.0, 0.0, 0.0, 0.0, 0.0, 0.0, 0.0, 0.0, 0.0]

BA_rand = [0.9999, 0.9992, 0.9983, 0.9985, 0.3996, 0.2001, 0.0003, 0.1003, 0.0003, 0.0003, 0.0003, 0.0003, 0.0003, 0.0003, 0.0003, 0.0003, 0.0003, 0.0003]

theta_ER = [0.8, 0.81, 0.82, 0.83, 0.84, 0.85, 0.86, 0.87, 0.88, 0.89, 0.9, 0.91, 0.92, 0.93, 0.94, 0.95, 0.96, 0.97]

ER_high = [1.0, 0.7995, 0.7, 0.7, 0.0, 0.0, 0.0, 0.0, 0.0, 0.0, 0.0, 0.0, 0.0, 0.0, 0.0, 0.0, 0.0, 0.0]

ER_low = [0.9996, 0.9966, 0.9959, 0.8995, 0.0278, 0.2221, 0.0278, 0.0278, 0.0278, 0.0278, 0.0278, 0.0278, 0.0278, 0.0278, 0.0278, 0.0278, 0.0278, 0.0278]

ER_rand = [0.9999, 0.998, 0.8003, 0.9986, 0.0044, 0.203, 0.0044, 0.0044, 0.0044, 0.0044, 0.0044, 0.0044, 0.0044, 0.0044, 0.0044, 0.0044, 0.0044, 0.0044]

# Fig 3 (b) data set
theta_BA = [0.8, 0.81, 0.82, 0.83, 0.84, 0.85, 0.86, 0.87, 0.88, 0.89,
            0.9, 0.91, 0.92, 0.93, 0.94, 0.95, 0.96, 0.97]

BA_high = [1.0, 0.8999, 1.0, 0.9999, 0.2, 0.1, 0.0, 0.0, 0.0, 0.0,
           0.0, 0.0, 0.0, 0.0, 0.0, 0.0, 0.0, 0.0]

BA_low = [0.9999, 0.9994, 0.9988, 0.8997, 0.0999, 0.0998, 0.0, 0.0, 0.0, 0.0,
          0.0, 0.0, 0.0, 0.0, 0.0, 0.0, 0.0, 0.0]

BA_rand = [0.9999, 0.9992, 0.9983, 0.9985, 0.3996, 0.2001, 0.0003, 0.1003,
           0.0003, 0.0003, 0.0003, 0.0003, 0.0003, 0.0003, 0.0003,
           0.0003, 0.0003, 0.0003]

theta_ER = [0.8, 0.81, 0.82, 0.83, 0.84, 0.85, 0.86, 0.87, 0.88, 0.89,
            0.9, 0.91, 0.92, 0.93, 0.94, 0.95, 0.96, 0.97]

ER_high = [1.0, 0.7995, 0.7, 0.7, 0.0, 0.0, 0.0, 0.0, 0.0, 0.0,
           0.0, 0.0, 0.0, 0.0, 0.0, 0.0, 0.0, 0.0]

ER_low = [0.9996, 0.9966, 0.9959, 0.8995, 0.0278, 0.2221, 0.0278, 0.0278,
          0.0278, 0.0278, 0.0278, 0.0278, 0.0278, 0.0278, 0.0278,
          0.0278, 0.0278, 0.0278]

ER_rand = [0.9999, 0.998, 0.8003, 0.9986, 0.0044, 0.203, 0.0044, 0.0044,
           0.0044, 0.0044, 0.0044, 0.0044, 0.0044, 0.0044, 0.0044,
           0.0044, 0.0044, 0.0044]


# Fig 3 (c) data set
theta_BA = [0.8, 0.81, 0.82, 0.83, 0.84, 0.85, 0.86, 0.87, 0.88, 0.89,
            0.9, 0.91, 0.92, 0.93, 0.94, 0.95, 0.96, 0.97]

BA_high = [1.0, 1.0, 0.9, 1.0, 0.0, 0.1, 0.1, 0.0, 0.0, 0.0,
           0.0, 0.0, 0.0, 0.0, 0.0, 0.0, 0.0, 0.0]

BA_low = [1.0, 0.8995, 0.8999, 0.9989, 0.1, 0.0999, 0.0, 0.0, 0.0, 0.0,
          0.0, 0.0, 0.0, 0.0, 0.0, 0.0, 0.0, 0.0]

BA_rand = [0.9996, 0.9988, 0.9988, 0.9990, 0.3993, 0.0003, 0.1003,
           0.0003, 0.0003, 0.0003, 0.0003, 0.0003, 0.0003, 0.0003,
           0.0003, 0.0003, 0.0003, 0.0003]


theta_ER = [0.8, 0.81, 0.82, 0.83, 0.84, 0.85, 0.86, 0.87, 0.88, 0.89,
            0.9, 0.91, 0.92, 0.93, 0.94, 0.95, 0.96, 0.97]

ER_high = [1.0, 0.8, 0.7998, 1.0, 0.0, 0.0, 0.0, 0.0, 0.0, 0.0,
           0.0, 0.0, 0.0, 0.0, 0.0, 0.0, 0.0, 0.0]

ER_low = [0.9998, 0.9967, 0.8993, 0.8996, 0.0278, 0.0278, 0.0278, 0.0278,
          0.0278, 0.0278, 0.0278, 0.0278, 0.0278, 0.0278, 0.0278,
          0.0278, 0.0278, 0.0278]

ER_rand = [0.9999, 0.9985, 0.9987, 0.8998, 0.104, 0.0044, 0.0044, 0.0044,
           0.0044, 0.0044, 0.0044, 0.0044, 0.0044, 0.0044, 0.0044,
           0.0044, 0.0044, 0.0044]
