# Fig 5 (a) data set
theta_BA = [0.8, 0.81, 0.82, 0.83, 0.84, 0.85, 0.86, 0.87, 0.88, 0.89, 0.9, 0.91, 0.92, 0.93, 0.94, 0.95, 0.96, 0.97]

BA_high = [1.0, 0.9999333333, 1.0, 1.0, 0.0006666667, 0.0006666667, 0.0006666667, 0.0006666667, 0.0006666667, 0.0006666667, 0.0006666667, 0.0006666667, 0.0006666667, 0.0006666667, 0.0006666667, 0.0006666667, 0.0006666667, 0.0006666667]

BA_low = [1.0, 0.99833333, 0.99893333, 0.99853333, 0.36746667, 0.2128, 0.21193333, 0.291, 0.21193333, 0.2118, 0.2118, 0.2118, 0.2118, 0.2118, 0.2118, 0.2118, 0.2118, 0.21166667]

BA_rand = [0.99986667, 0.99946667, 0.9994, 0.9986, 0.623, 0.2478, 0.0596, 0.15333333, 0.0594, 0.0594, 0.0594, 0.0594, 0.0594, 0.0594, 0.0594, 0.0594, 0.0594, 0.0594]

theta_ER = [0.8, 0.81, 0.82, 0.83, 0.84, 0.85, 0.86, 0.87, 0.88, 0.89, 0.9, 0.91, 0.92, 0.93, 0.94, 0.95, 0.96, 0.97]

ER_high = [1.0, 0.89993333, 0.9992, 0.9, 0.0, 0.0, 0.0, 0.0, 0.0, 0.0, 0.0, 0.0, 0.0, 0.0, 0.0, 0.0, 0.0, 0.0]

ER_low = [1.0, 1.0, 1.0, 1.0, 1.0, 1.0, 1.0, 1.0, 1.0, 1.0, 1.0, 1.0, 1.0, 1.0, 1.0, 1.0, 1.0, 1.0]

ER_rand = [0.99993333, 0.9984, 0.99886667, 0.9992, 0.05246667, 0.14753333, 0.052, 0.052, 0.05186667, 0.0518, 0.0518, 0.0518, 0.0518, 0.0518, 0.0518, 0.0518, 0.0518, 0.0518]

# Fig 5 (b) data set

# Fig 5 (c) data set
theta_BA = [0.8, 0.81, 0.82, 0.83, 0.84, 0.85, 0.86, 0.87, 0.88, 0.89,
            0.9, 0.91, 0.92, 0.93, 0.94, 0.95, 0.96, 0.97]

BA_high = [1.0, 0.9999333333, 1.0, 1.0,
           0.0006666667, 0.0006666667, 0.0006666667, 0.0006666667,
           0.0006666667, 0.0006666667, 0.0006666667, 0.0006666667,
           0.0006666667, 0.0006666667, 0.0006666667, 0.0006666667,
           0.0006666667, 0.0006666667]

BA_low = [1.0, 0.9986, 0.99886667, 0.99886667, 0.41433333, 0.16533333,
          0.16513333, 0.2492, 0.165, 0.165, 0.165, 0.165,
          0.165, 0.165, 0.165, 0.165, 0.165, 0.16486667]

BA_rand = [0.99986667, 0.99953333, 0.9994, 0.99853333, 0.60886667, 0.1246,
           0.1242, 0.12433333, 0.0266, 0.0266, 0.0266, 0.0266,
           0.0266, 0.0266, 0.0266, 0.0266, 0.0266, 0.0266]


theta_ER = [0.8, 0.81, 0.82, 0.83, 0.84, 0.85, 0.86, 0.87, 0.88, 0.89,
            0.9, 0.91, 0.92, 0.93, 0.94, 0.95, 0.96, 0.97]

ER_high = [1.0, 0.89993333, 0.9992, 0.9,
           0.0002, 0.0002, 0.0002, 0.0002,
           0.0002, 0.0002, 0.0002, 0.0002,
           0.0002, 0.0002, 0.0002, 0.0002,
           0.0002, 0.0002]

ER_low = [1.0, 1.0, 1.0, 1.0, 1.0, 1.0, 1.0, 1.0, 1.0, 1.0,
          1.0, 1.0, 1.0, 1.0, 1.0, 1.0, 1.0, 1.0]

ER_rand = [0.99993333, 0.9984, 0.99886667, 0.9992, 0.0222, 0.12026667,
           0.02193333, 0.02193333, 0.02186667, 0.0218, 0.0218, 0.0218,
           0.0218, 0.0218, 0.0218, 0.0218, 0.0218, 0.0218]

# Fig 5 (d) data set

