# Fig 8(a) data set

surv_high = [1.0, 1.0, 1.0, 1.0, 1.0, 1.0, 1.0, 1.0, 1.0, 1.0, 1.0, 1.0, 1.0, 1.0, 1.0, 1.0, 1.0, 1.0]

surv_low = [1.0, 1.0, 1.0, 1.0, 1.0, 1.0, 1.0, 1.0, 1.0, 1.0, 1.0, 1.0, 1.0, 1.0, 1.0, 1.0, 1.0, 1.0]

surv_rand = [1.0, 1.0, 1.0, 1.0, 1.0, 1.0, 1.0, 1.0, 1.0, 1.0, 1.0, 1.0, 1.0, 1.0, 1.0, 1.0, 1.0, 1.0]

K_high = [0.14155315264710014, 0.14155315264710014, 0.14155315264710014, 0.14155315264710014, 0.14155315264710014, 0.14155315264710014, 0.14155315264710014, 0.14155315264710014, 0.14155315264710014, 0.14155315264710014, 0.14155315264710014, 0.14155315264710014, 0.14155315264710014, 0.14155315264710014, 0.14155315264710014, 0.14155315264710014, 0.14155315264710014, 0.14155315264710014]

Rcrit_high = [0.0, 0.0, 0.0, 0.0, 0.0, 0.0, 0.008378972990684828, 0.008378972990684828, 0.01277910405841876, 0.01600898750175537, 0.0184899124654777, 0.01984739970977859, 0.021017647334175913, 0.02228151476852502, 0.023498572297898236, 0.02354538220287413, 0.02354538220287413, 0.02354538220287413]

K_low = [0.07859383045452417, 0.07859383045452417, 0.07859383045452417, 0.07859383045452417, 0.07859383045452417, 0.07859383045452417, 0.07859383045452417, 0.07859383045452417, 0.07859383045452417, 0.07859383045452417, 0.07859383045452417, 0.07859383045452417, 0.07859383045452417, 0.07859383045452417, 0.07859383045452417, 0.07859383045452417, 0.07859383045452417, 0.07859383045452417]

Rcrit_low = [0.0, 0.0, 0.0, 0.0, 0.0, 0.0, 0.01947292046997145, 0.01947292046997145, 0.0382436923653045, 0.05687403454570986, 0.07410007957683848, 0.09081121565323222, 0.10667977344005992, 0.1300847259280064, 0.14820015915367696, 0.1734306979356832, 0.19435472545990734, 0.21172120020596358]

K_rand = [0.2125310115620465, 0.2125310115620465, 0.2125310115620465, 0.2125310115620465, 0.2125310115620465, 0.2125310115620465, 0.2125310115620465, 0.2125310115620465, 0.2125310115620465, 0.2125310115620465, 0.2125310115620465, 0.2125310115620465, 0.2125310115620465, 0.2125310115620465, 0.2125310115620465, 0.2125310115620465, 0.2125310115620465, 0.2125310115620465]

Rcrit_rand = [0.0, 0.0, 0.0, 0.0, 0.0, 0.0, 0.016715817066891354, 0.016715817066891354, 0.03020643168094369, 0.04171698731451575, 0.05134578476805692, 0.05931283059495389, 0.06630623039835229, 0.07574778823198988, 0.081467958620044, 0.08774984786780883, 0.09089079249169124, 0.092215512802509]

# Fig 8(b) data set
surv_high = [1.0, 1.0, 1.0, 1.0, 1.0, 1.0, 1.0, 1.0, 1.0, 1.0, 1.0, 1.0, 1.0, 1.0, 1.0, 1.0, 1.0, 1.0]

surv_low = [1.0, 1.0, 1.0, 1.0, 1.0, 1.0, 1.0, 1.0, 1.0, 1.0, 1.0, 1.0, 1.0, 1.0, 1.0, 1.0, 1.0, 1.0]

surv_rand = [1.0, 1.0, 1.0, 1.0, 1.0, 1.0, 1.0, 1.0, 1.0, 1.0, 1.0, 1.0, 1.0, 1.0, 1.0, 1.0, 1.0, 1.0]

K_high = [0.11295230070682956, 0.11295230070682956, 0.11295230070682956, 0.11295230070682956, 0.11295230070682956, 0.11295230070682956, 0.11295230070682956, 0.11295230070682956, 0.11295230070682956, 0.11295230070682956, 0.11295230070682956, 0.11295230070682956, 0.11295230070682956, 0.11295230070682956, 0.11295230070682956, 0.11295230070682956, 0.11295230070682956, 0.11295230070682956]

Rcrit_high = [0.0, 0.0, 0.0, 0.0, 0.0, 0.0, 0.003932032017975004, 0.003932032017975004, 0.005991667836914292, 0.007442774891166971, 0.008285353180733045, 0.008987501755371437, 0.009268361185226793, 0.009596030520058044, 0.009596030520058044, 0.009596030520058044, 0.009596030520058044, 0.009596030520058044]

K_low = [0.11491831671581705, 0.11491831671581705, 0.11491831671581705, 0.11491831671581705, 0.11491831671581705, 0.11491831671581705, 0.11491831671581705, 0.11491831671581705, 0.11491831671581705, 0.11491831671581705, 0.11491831671581705, 0.11491831671581705, 0.11491831671581705, 0.11491831671581705, 0.11491831671581705, 0.11491831671581705, 0.11491831671581705, 0.11491831671581705]

Rcrit_low = [0.0, 0.0, 0.0, 0.0, 0.0, 0.0, 0.021766605813790196, 0.021766605813790196, 0.042456583813134864, 0.06305294200252773, 0.08027898703365632, 0.09806675092449564, 0.11515236624069654, 0.141178673407293, 0.15999625520760194, 0.18691195056874038, 0.20704020970837428, 0.22440668445443052]

K_rand = [0.20900622571736177, 0.20900622571736177, 0.20900622571736177, 0.20900622571736177, 0.20900622571736177, 0.20900622571736177, 0.20900622571736177, 0.20900622571736177, 0.20900622571736177, 0.20900622571736177, 0.20900622571736177, 0.20900622571736177, 0.20900622571736177, 0.20900622571736177, 0.20900622571736177, 0.20900622571736177, 0.20900622571736177, 0.20900622571736177]

Rcrit_rand = [0.0, 0.0, 0.0, 0.0, 0.0, 0.0, 0.010616486448532508, 0.010616486448532508, 0.018663109113888496, 0.02501989420961475, 0.030150259794972618, 0.03412442072742592, 0.03749473388569021, 0.04167017740953986, 0.04406216355380799, 0.04622478116369423, 0.047109488367738615, 0.047348218883115675]
